$ANSIBLE_VAULT;1.1;AES256
38663430326165396164386432356439343439653035643538613861396165303635626165393536
6334353132656536376332353633313735343939623833390a633261366637393236376163656333
65323137343165356136616138626161646166383365633132376139366137623936316462373130
6139613135383865330a303036383635666361346365303839343865393733393165653664393561
66616633303635366639343937323663626139643632353932316666383530393431336466616530
32383733333933306431613835363030353137656132613462643234616266653637383631613430
62303132383064393538656366316232666230393639663265643238343364633433316636613631
64653766643537363733336339363932633639613238636664653266303963333864316561346330
63636335653066356538396464333232656530396332613931336266386461366337336132643565
65366566363633383430646238353762373461393437623838313035653631626236623433303363
33666534323362343064306332663937643461323562366364633265663830363232353732653034
61616531313532663736636464653730623535333363376266653938343536373035323439646566
33613164343732636234383632326661306535316532343235333839323539316538363535663037
61386562373839326234386130333138393862353662376561366538313864333430316337336435
30323638663530363535633963663137623161646539356462363835653161623838643932366134
32373230323563333339356265643331346266636465653930383038643238366433646234373633
65323334633838643666636365646537626464363161626562303165396139396535306337353565
32613031366665353235373066303237336531643333363631303161343766393462646439373639
33393862626265346236633138646166396636333365623731393061636633653436303139316231
35623561623039343965363237336161386666363938383936336337303266326436306465363464
65306437643236306431313961353663323365336133366265633532616233303761663238386335
39383265373730643664353266313435376664323361383761663739326366346138626535336133
32613362306665323630653165373863353039363662376333646338663732373436643061326532
31363638373432303635363164363131666433396337343030353562366165373261383162626430
30366335613965666462363966613538626535386236633736613434343666653562383163616266
64643137323965323961666437393236396638333563353430333133663638613931616337326537
35343739376563653238663961313235376133303561636535623661643261366630323038643764
66616666633536353663343566323865633133373262656463633435626664303632626632336165
31613931356331373038633032386366386264353635356134643733666433343261363437326137
30303436346238623532303538633034633064306564393432366435303233636462363663306161
62656461353935656138396637313430336564663532343164313765323031313633643133623731
39636531623234346366626361653462343561616361633031343332363161343439613466306237
34373566383532323364386235633730376333663364663565316337333962616636613864393336
31613062393566353461646438653866316130333633333239666331366661353962616265316339
32363336663362343165306239333666383265363133326661623566653131343232356165353561
33383034616361643935303133346162646433616539663730626639656634396332663865643734
33666334363362313138643834636262346165316333636434383230313133326537376636653239
61626533663831383466643130396136656162656162396438393761316266316537353438306138
38623064663161323532613261336664376537623364386131393265666631323361333066383131
63653636313235313432633539363531316531303465613533363630623535646234666131306333
61343066356636303234383632643162316534383366366631353038656236306366646166313336
33303339636531323631633364386531663437326437663662336636363866343765363831353134
35623537623961643263643862393565666165623037643365353864396163336565633638656232
61643062356265396534353366383533396531643735336337386532303032363963316363663161
62623838316165383833613439383463313636333965313161643131646337306234613961666339
39336433363731303236383634323937396333356333626333663462326663353531626431356433
37653862373536363636343936626166323738636639633065636236393830616239316533623166
66326635373436343265303461623739313662373164346566633930323735653734376264386132
66343634346663623661323639666136336463323939376239343636643065353330666562393231
34343265323732653032396563373365326165323139333638363261646535383138656631616139
65316233373165666136356437636535623938393365376335313039366465666533333438643832
62333861316435636331306665366664626436363435633138383536333364306336653161326336
30343562353936643339646266303433393562656339383034383134336434323937336261666630
65366239393836303237616161363338393834326634333964636232633038326437336333393737
61353732333230656166383138383462616236333736636464643464336239323933313333313961
31656136383931366466633865653639336166623565373965356562613534346539323032366230
31383834636438353133386530383930663364373934323934316532663065323934643637323038
39646639306635373463326338373263373832653537626439313738643634623437613431653333
34346432393162636532306532313665316538613466323530396538323162366532326566336261
37613738336431663038343238663738356636303965323465373961333939363335646461323932
39653032343561623562333366633030306564343434326138323162653062323034393133373339
37643432393832373438323432666262363339396436343730346264653665393930653536373730
31653964313033663436376565663666653530356462393766323334306639393765316332653036
39623932303832666363626661386137386337356139336435666664363438623161303135613436
64353332363966323334336466373439373333383764333336313864303334383634393561343936
38346662346664363862363366353265666265663532373334333232393031393862313635363463
65646631646265313163636436333962656165326538656633396238393939646636656262303935
62633466666366643631616365393732383564633538613063356239383766383739306134626563
37623835316664353236653130633039326564383930313430383861363834623731303237636638
30646261383437336530363639646564626637633236646164663661383262363530333730313934
39353361653433356138363234396561323063326439373138646463303033326639306436646663
65303533376633376632626339663533376334303539616237313462613662613734626562636131
32653934386563323634336262373331393938356361323665383338303133613537306238653663
66643961646363623861343738623763393830393733626235383765343735303539383761383639
39336136666564353036656239353637333734343137633731376664666366343761366165313131
30396639326134366333313162623738363665313166386638323863336666353836633866666539
34386139643633396135373833633637663036383664363765646265653732323634326536386632
36623634633636373737383337613236656265623034653661613062306639363630613361316439
33393364303961303533653130303265623261353263333236343666666232313064653762333865
38336431623139333066386164353930336131363834643635653663363766363561346132373936
63393466623037666532623964383835666132373431636565323636653138626265653039613765
65333665366335663639383430663838386461323335666633386165313137333430656335373135
30646465333336396632623766393736633565626163343765656237613132393163373039666235
66626464303534383965366234663432346330633732346235303138643331636531363466626464
34323463303262386133383335356530373761313062383538306537366137636531313732323062
37616439356334373761323032643461336464386635633537306430633731366537306436643563
65633934666565383532376536653864363638353239656537613764663365316664386130376330
39663938613064363630306136613133376663363464303766366432623539376564646639393063
31623431613862306666653031626361313935323934383930633363616639393266373738646134
32343832623362666437643262343731343564343230613636313439323862323861393163303961
62303836366663643230666466306162663735303063336430613965346639626530336162346561
30326364363736303265346638613864636437386231663933376430373831366432303338333232
33383064376630346531306233623633323237326330656537663535336161363633383632376336
65393066306538323062353731326262383639336335653166303533373237313830643639333833
66663163356234336165336433326134613830363062656662666139353263393138363637343038
63633365363137336538346166306136396634653634646433346630383338613934326462356166
36383239616433373864313737386161633261653538346537626462336133366661376133333733
63343666323239383833643934333464663538616532326263393434376437616666326439333637
31623431316333626333643466303735346233393630366234363630363832653337323562336238
32663861326338646539613135356335616164313537336530373834383538346535343632346662
64326136353161626630353132633230383535353130323735303963613639343738343462366438
62653635623665656465376636356663376430386236393237343538333630333139303736366361
61383737376637663830316335373633666536333061343365306338616533653161313262326138
38303864323263366236646438393432346465643366396134616362663832363938373161336139
65313632356462313533356462623431373761633437653331386135623030656530313433373962
64363634346363323063303639633165366232336238346435343036333365306332363238363465
64356235393732643634653532623066313735383264363366386465636262313239323332393861
35636433366431343332373830366566613566623932353938393565333364383835656430653533
64323066363866643437353233316437373463616161656537313064646435353937666439626238
34306466646435303839623763383432336534316331373530316130376335363431343630363039
34306130666433633135663731313737303935363432346166623566353862366630393961303866
33346634636335333966326330373432343438376630313361643732666236373663653837376337
32643339333034363965313764353463663439383962303637613039323931646237613363363336
35346463643762346532363032343037343064383035646537323338363832653532663433396633
65616535653464656236663361373438616131336636313538313166653635663164396461663766
65663163383861313164656263663765663665396662653931376261376365646537363134616262
31386230313533366366383239656165343332343136376636656665373937633263353230663831
38656530336363663434666237313730333034396430616262323830386536343132613131633436
61346661363565356361323966383564353534626233616665376139393662306666376362316338
61633735303937633535323831613061666563623165646238636236383462666236363634376161
34643033343633653964343262306134373236633132666431363338623764653761303733643439
61383537353836313464376539623063343832353231353339313766383435363538376631326638
63633439373832653865666333323763356162643461386239313236363237656637346539663537
36646131346531336437356633666432336330323034323632323731303266653964303132666163
30383438633735333937633034626236343131663931356461653839393163376265333731373765
30333035333136623163323064343661633036653236313830306561396566616332653733623065
37396235373066316234303438333365393862666662373862636538656530316136316539633738
61356231336134353239356136373164613732613135623335663030656565653063643432366533
37633232613936386563376431363030303331663461636663303033333164323438336134346134
36306534373631303764363433376331663037363536396339363032326435373237643134363636
63636536663262373732323266303761666539373862313031613232316161316331646536396335
38353239356435343737646464363632663162653533316562326261376136653939376631646661
65663835316139626438656530383631393333643934316462323130346531613231643537633637
35343836366238313430373237636432643962303830343736323636616263613339383231303361
62313262623936626330626432643063613033363265386132323433313530353735396439643261
64366639616539313161386431346266313830303133613032626535383130343035616264303466
30613038316634326463666636656533373135333063303264353964623236333265396135363962
31313965353034386633383739643862353638373466633736383339383332643735653061326464
36373130366432633134636139366264333238373865646161343336316133303936323237656634
64366563643336366461346234643361356466303136656166393264653664326462373732666338
64653332626563333463363564363739363037643239336434366639373534343732336132353838
61663839323764626431613634343264313336353963326436306630373937306438636135666638
39363837336237666431383531373665336138386332393634636562313238373239353833366236
63346433616532306161393134386634643132303132363034363464373963623737643637666133
31613739616132613964653464396362653332343565383930373836303661616362643037656436
36323333633933356664646236393265636161356166623831666539326666626236353566393538
66643934643432663835346136306331326433323831343531653265646361316434623662613837
31316136373466346364653533343162393262613965373064336631393166336231343366386665
32396239353664353764373435643938626262393632333432363062663730336262366632343137
39366662333239626336626264303661376664383861636631653366393163613134646539643738
63333061323633343132663961356164623638333137626630363334393833326332353836653434
64636638373965653936306330303033303931356461343034636562366634373866643964326339
34666138623562323731313034666633356164623066346361376531383137383837653332663630
35373766346637613233373930623336373563323866613838323833653537663238333465353733
32616466383837383335373935666665373165343134623765376632396534613965643665353435
36663834343863363138336166626664393137343730633333376464396134313332636633643133
32643065363236633037613032353432653632343534613862323162656633653538653537303838
66373737626166393538653030653739613965666239633938363438373730633731393335373662
30636165313530636230646565383038626434663636646664363362343834366439643438353838
61383734663461313832313561666139336166396539393438353537316339396632366261303466
64663336616664313037643163313261643236623134363133613134373438653639623334633066
63323331366434636532646630633733373839333330336161313635313561306362303139653862
66663336353733326539336635366163366136316263376561643964323230653537343037383064
31656630313865656662386538316330313033386537663338386137393533343832363832353136
38323633613636643961623731356639346265346631643261373062666564313066633361316131
31303837306138323862653232336439336364663236353136646437303536326365386339373264
30393134393766313136373264393364666566303662303536633233353630363032313535313935
36663230653966643939373336333163343835663635373130393334613264616537366563316161
65376638373363303839376331383831633465623031613636363334626138306239316632333234
64653533333231643065336533613639366338346163333962373436336665663032306563346431
61373130623131636138313961643432376630383638393961326664356636383364323363303764
63643865666437383436363066343362393730616532373161663233663461393961373364383762
32353131343538336436633833656530346161626336306536646237623233613566
